0.0   1.4142397616179083
0.005005005005005005   1.4071791684238972
0.01001001001001001   1.400153825247319
0.015015015015015015   1.3931635561024318
0.02002002002002002   1.3862081858821034
0.025025025025025023   1.379287540353424
0.03003003003003003   1.372401446153341
0.035035035035035036   1.3655497307843176
0.04004004004004004   1.3587322226100107
0.04504504504504504   1.3519487508509727
0.050050050050050046   1.3451991455803713
0.055055055055055056   1.3384832377197347
0.06006006006006006   1.3318008590347157
0.06506506506506507   1.3251518421308763
0.07007007007007007   1.318536020449497
0.07507507507507508   1.3119532282634012
0.08008008008008008   1.305403300672806
0.08508508508508508   1.2988860736011913
0.09009009009009009   1.2924013837911887
0.09509509509509509   1.2859490688004918
0.10010010010010009   1.2795289669977885
0.10510510510510511   1.2731409175587107
0.11011011011011011   1.266784760461806
0.11511511511511512   1.2604603364845297
0.12012012012012012   1.2541674871992556
0.12512512512512514   1.2479060549693068
0.13013013013013014   1.241675882945009
0.13513513513513514   1.2354768150597588
0.14014014014014015   1.2293086960261164
0.14514514514514515   1.2231713713319134
0.15015015015015015   1.2170646872363855
0.15515515515515516   1.2109884907663173
0.16016016016016016   1.2049426297122137
0.16516516516516516   1.1989269526244848
0.17017017017017017   1.1929413088096534
0.17517517517517517   1.186985548326579
0.18018018018018017   1.1810595219827034
0.18518518518518517   1.175163081330311
0.19019019019019018   1.169296078662813
0.19519519519519518   1.163458367011045
0.20020020020020018   1.157649800139586
0.20520520520520522   1.1518702325430965
0.21021021021021022   1.1461195194426717
0.21521521521521522   1.1403975167822158
0.22022022022022023   1.1347040812248328
0.22522522522522523   1.1290390701492374
0.23023023023023023   1.1234023416461805
0.23523523523523523   1.1177937545148942
0.24024024024024024   1.1122131682595573
0.24524524524524524   1.1066604430857725
0.2502502502502503   1.1011354398970672
0.2552552552552553   1.0956380202914073
0.2602602602602603   1.090168046557732
0.2652652652652653   1.0847253816725018
0.2702702702702703   1.0793098892962683
0.2752752752752753   1.0739214337702576
0.2802802802802803   1.0685598801129719
0.2852852852852853   1.0632250940168098
0.2902902902902903   1.0579169418446992
0.2952952952952953   1.0526352906267524
0.3003003003003003   1.0473800080569335
0.3053053053053053   1.042150962489745
0.3103103103103103   1.0369480229369288
0.3153153153153153   1.0317710590641862
0.3203203203203203   1.026619941187913
0.3253253253253253   1.0214945402719502
0.3303303303303303   1.0163947279243515
0.3353353353353353   1.0113203763941685
0.34034034034034033   1.0062713585682486
0.34534534534534533   1.001247547968052
0.35035035035035034   0.9962488187464835
0.35535535535535534   0.9912750456847391
0.36036036036036034   0.9863261041891698
0.36536536536536535   0.981401870288161
0.37037037037037035   0.9765022206290257
0.37537537537537535   0.9716270324749163
0.38038038038038036   0.9667761837017483
0.38538538538538536   0.9619495527951418
0.39039039039039036   0.957147018847378
0.39539539539539537   0.9523684615543695
0.40040040040040037   0.9476137612126473
0.40540540540540543   0.9428827987163622
0.41041041041041043   0.938175455554301
0.41541541541541543   0.9334916138069179
0.42042042042042044   0.9288311561433805
0.42542542542542544   0.9241939658186303
0.43043043043043044   0.9195799266704592
0.43543543543543545   0.9149889231165986
0.44044044044044045   0.9104208401518247
0.44544544544544545   0.9058755633450771
0.45045045045045046   0.9013529788365932
0.45545545545545546   0.8968529733350544
0.46046046046046046   0.8923754341147498
0.46546546546546547   0.8879202490127519
0.47047047047047047   0.8834873064261058
0.4754754754754755   0.8790764953090352
0.4804804804804805   0.8746877051701599
0.4854854854854855   0.8703208260697275
0.4904904904904905   0.8659757486168603
0.4954954954954955   0.8616523639668149
0.5005005005005005   0.8573505638182545
0.5055055055055055   0.8530702404105376
0.5105105105105106   0.8488112865210178
0.5155155155155156   0.8445735954623576
0.5205205205205206   0.8403570610798556
0.5255255255255256   0.836161577748789
0.5305305305305306   0.8319870403717655
0.5355355355355356   0.827833344376092
0.5405405405405406   0.823700385711155
0.5455455455455456   0.8195880608458129
0.5505505505505506   0.8154962667658043
0.5555555555555556   0.8114249009711664
0.5605605605605606   0.8073738614736671
0.5655655655655656   0.8033430467942508
0.5705705705705706   0.7993323559604967
0.5755755755755756   0.795341688504088
0.5805805805805806   0.7913709444582969
0.5855855855855856   0.787420024355479
0.5905905905905906   0.7834888292245826
0.5955955955955956   0.7795772605886687
0.6006006006006006   0.7756852204624448
0.6056056056056056   0.7718126113498098
0.6106106106106106   0.7679593362414122
0.6156156156156156   0.7641252986122196
0.6206206206206206   0.760310402419101
0.6256256256256256   0.7565145520984204
0.6306306306306306   0.7527376525636444
0.6356356356356356   0.7489796092029581
0.6406406406406406   0.7452403278768965
0.6456456456456456   0.7415197149159861
0.6506506506506506   0.7378176771183984
0.6556556556556556   0.7341341217476148
0.6606606606606606   0.7304689565301041
0.6656656656656657   0.7268220896530107
0.6706706706706707   0.7231934297618545
0.6756756756756757   0.7195828859582434
0.6806806806806807   0.7159903677975947
0.6856856856856857   0.7124157852868711
0.6906906906906907   0.7088590488823253
0.6956956956956957   0.7053200694872571
0.7007007007007007   0.7017987584497821
0.7057057057057057   0.69829502756061
0.7107107107107107   0.6948087890508357
0.7157157157157157   0.6913399555897405
0.7207207207207207   0.6878884402826043
0.7257257257257257   0.6844541566685288
0.7307307307307307   0.681037018718272
0.7357357357357357   0.6776369408320932
0.7407407407407407   0.6742538378376081
0.7457457457457457   0.6708876249876553
0.7507507507507507   0.6675382179581746
0.7557557557557557   0.664205532846093
0.7607607607607607   0.6608894861672239
0.7657657657657657   0.6575899948541755
0.7707707707707707   0.6543069762542703
0.7757757757757757   0.6510403481274737
0.7807807807807807   0.6477900286443354
0.7857857857857857   0.6445559363839382
0.7907907907907907   0.6413379903318589
0.7957957957957957   0.638136109878139
0.8008008008008007   0.634950214815265
0.8058058058058059   0.6317802253361601
0.8108108108108109   0.6286260620321839
0.8158158158158159   0.6254876458911436
0.8208208208208209   0.6223648982953153
0.8258258258258259   0.6192577410194737
0.8308308308308309   0.6161660962289336
0.8358358358358359   0.6130898864775988
0.8408408408408409   0.6100290347060231
0.8458458458458459   0.6069834642394799
0.8508508508508509   0.603953098786041
0.8558558558558559   0.6009378624346656
0.8608608608608609   0.5979376796532992
0.8658658658658659   0.5949524752869808
0.8708708708708709   0.5919821745559607
0.8758758758758759   0.5890267030538272
0.8808808808808809   0.5860859867456427
0.8858858858858859   0.583159951966089
0.8908908908908909   0.5802485254176223
0.8958958958958959   0.5773516341686364
0.9009009009009009   0.5744692056516367
0.9059059059059059   0.5716011676614217
0.9109109109109109   0.568747448353274
0.9159159159159159   0.5659079762411616
0.9209209209209209   0.5630826801959466
0.9259259259259259   0.5602714894436028
0.9309309309309309   0.5574743335634439
0.9359359359359359   0.5546911424863589
0.9409409409409409   0.5519218464930563
0.9459459459459459   0.5491663762123191
0.950950950950951   0.5464246626192657
0.955955955955956   0.5436966370336213
0.960960960960961   0.5409822311179971
0.965965965965966   0.5382813768761796
0.970970970970971   0.5355940066514258
0.975975975975976   0.5329200531247692
0.980980980980981   0.5302594493133332
0.985985985985986   0.5276121285686536
0.990990990990991   0.5249780245750084
0.995995995995996   0.522357071347757
1.001001001001001   0.5197492032316869
1.006006006006006   0.5171543548993701
1.011011011011011   0.5145724613495251
1.016016016016016   0.5120034579053893
1.021021021021021   0.5094472802130995
1.026026026026026   0.5069038642400787
1.031031031031031   0.5043731462734328
1.0360360360360361   0.5018550629183542
1.0410410410410411   0.49934955109653434
1.0460460460460461   0.4968565480445828
1.0510510510510511   0.4943759913124554
1.0560560560560561   0.49190781876189016
1.0610610610610611   0.4894519685648502
1.0660660660660661   0.4870083792019752
1.0710710710710711   0.48457698946104033
1.0760760760760761   0.482157738435423
1.0810810810810811   0.47975056552257656
1.0860860860860861   0.47735541042251306
1.0910910910910911   0.474972213136292
1.0960960960960962   0.4726009139645179
1.1011011011011012   0.4702414535058444
1.1061061061061062   0.4678937726554863
1.1111111111111112   0.46555781260373935
1.1161161161161162   0.46323351483450664
1.1211211211211212   0.460920821123833
1.1261261261261262   0.45861967353844624
1.1311311311311312   0.4563300144343062
1.1361361361361362   0.4540517864551608
1.1411411411411412   0.4517849325311087
1.1461461461461462   0.44952939587717056
1.1511511511511512   0.4472851199918657
1.1561561561561562   0.44505204865579745
1.1611611611611612   0.4428301259302441
1.1661661661661662   0.44061929615575857
1.1711711711711712   0.4384195039507732
1.1761761761761762   0.4362306942102132
1.1811811811811812   0.4340528121041156
1.1861861861861862   0.4318858030762562
1.1911911911911912   0.42972961284278277
1.1961961961961962   0.42758418739085535
1.2012012012012012   0.4254494729772931
1.2062062062062062   0.4233254161272278
1.2112112112112112   0.421211963632765
1.2162162162162162   0.4191090625516503
1.2212212212212212   0.41701666020594397
1.2262262262262262   0.4149347041807004
1.2312312312312312   0.4128631423226561
1.2362362362362362   0.41080192273892263
1.2412412412412412   0.40875099379568675
1.2462462462462462   0.4067103041169172
1.2512512512512513   0.4046798025830776
1.2562562562562563   0.4026594383298458
1.2612612612612613   0.4006491607468398
1.2662662662662663   0.3986489194763503
1.2712712712712713   0.39665866441207853
1.2762762762762763   0.39467834569788146
1.2812812812812813   0.39270791372652314
1.2862862862862863   0.3907473191384317
1.2912912912912913   0.3887965128204629
1.2962962962962963   0.3868554459046699
1.3013013013013013   0.38492406976707927
1.3063063063063063   0.38300233602647266
1.3113113113113113   0.3810901965431751
1.3163163163163163   0.37918760341784896
1.3213213213213213   0.377294508990294
1.3263263263263263   0.3754108658382537
1.3313313313313313   0.3735366267762271
1.3363363363363363   0.371671744854287
1.3413413413413413   0.3698161733569037
1.3463463463463463   0.3679698658017746
1.3513513513513513   0.36613277593866045
1.3563563563563563   0.36430485774822613
1.3613613613613613   0.362486065440888
1.3663663663663663   0.3606763534556671
1.3713713713713713   0.3588756764590477
1.3763763763763763   0.3570839893438416
1.3813813813813813   0.3553012472280584
1.3863863863863863   0.35352740545378086
1.3913913913913913   0.35176241958604665
1.3963963963963963   0.3500062454117349
1.4014014014014013   0.3482588389384589
1.4064064064064064   0.34652015639346373
1.4114114114114114   0.3447901542225303
1.4164164164164164   0.3430687890888837
1.4214214214214214   0.3413560178721082
1.4264264264264264   0.3396517976670665
1.4314314314314314   0.33795608578282543
1.4364364364364364   0.33626883974158617
1.4414414414414414   0.3345900172776206
1.4464464464464464   0.33291957633621205
1.4514514514514514   0.33125747507260206
1.4564564564564564   0.32960367185094236
1.4614614614614614   0.3279581252432515
1.4664664664664664   0.3263207940283773
1.4714714714714714   0.3246916371909644
1.4764764764764764   0.3230706139204263
1.4814814814814814   0.32145768360992366
1.4864864864864864   0.31985280585534664
1.4914914914914914   0.31825594045430317
1.4964964964964964   0.31666704740511137
1.5015015015015014   0.3150860869057981
1.5065065065065064   0.3135130193531014
1.5115115115115114   0.3119478053414786
1.5165165165165164   0.3103904056621194
1.5215215215215214   0.30884078130196335
1.5265265265265264   0.3072988934427229
1.5315315315315314   0.30576470345991075
1.5365365365365364   0.30423817292187233
1.5415415415415414   0.30271926358882323
1.5465465465465464   0.3012079374118911
1.5515515515515514   0.2997041565321628
1.5565565565565564   0.29820788327973563
1.5615615615615615   0.296719080172774
1.5665665665665665   0.29523770991657045
1.5715715715715715   0.29376373540261136
1.5765765765765765   0.2922971197076474
1.5815815815815815   0.2908378260927685
1.5865865865865865   0.28938581800248364
1.5915915915915915   0.28794105906380535
1.5965965965965965   0.2865035130853381
1.6016016016016015   0.2850731440563721
1.6066066066066067   0.2836499161459807
1.6116116116116117   0.2822337937021236
1.6166166166166167   0.2808247412507532
1.6216216216216217   0.2794227234949261
1.6266266266266267   0.27802770531391885
1.6316316316316317   0.2766396517623483
1.6366366366366367   0.2752585280692962
1.6416416416416417   0.27388429963743804
1.6466466466466467   0.27251693204217653
1.6516516516516517   0.2711563910307793
1.6566566566566567   0.26980264252152064
1.6616616616616617   0.26845565260282794
1.6666666666666667   0.2671153875324322
1.6716716716716717   0.2657818137365225
1.6766766766766767   0.2644548978089055
1.6816816816816818   0.2631346065101682
1.6866866866866868   0.2618209067668453
1.6916916916916918   0.26051376567059087
1.6966966966966968   0.25921315047735394
1.7017017017017018   0.25791902860655824
1.7067067067067068   0.25663136764028605
1.7117117117117118   0.25535013532246614
1.7167167167167168   0.2540752995580657
1.7217217217217218   0.25280682841228647
1.7267267267267268   0.2515446901097646
1.7317317317317318   0.25028885303377485
1.7367367367367368   0.2490392857254385
1.7417417417417418   0.24779595688293526
1.7467467467467468   0.24655883536071926
1.7517517517517518   0.2453278901687387
1.7567567567567568   0.24410309047165987
1.7617617617617618   0.24288440558809415
1.7667667667667668   0.24167180498983004
1.7717717717717718   0.2404652583010681
1.7767767767767768   0.23926473529766
1.7817817817817818   0.2380702059063516
1.7867867867867868   0.2368816402040295
1.7917917917917918   0.2356990084169714
1.7967967967967968   0.23452228092010044
1.8018018018018018   0.2333514282362428
1.8068068068068068   0.23218642103538975
1.8118118118118118   0.2310272301339624
1.8168168168168168   0.22987382649408097
1.8218218218218218   0.22872618122283742
1.8268268268268268   0.22758426557157144
1.8318318318318318   0.22644805093515052
1.8368368368368369   0.2253175088512533
1.8418418418418419   0.22419261099965654
1.8468468468468469   0.2230733292015257
1.8518518518518519   0.22195963541870925
1.8568568568568569   0.22085150175303597
1.8618618618618619   0.2197489004456164
1.8668668668668669   0.21865180387614733
1.8718718718718719   0.2175601845622199
1.8768768768768769   0.21647401515863127
1.8818818818818819   0.2153932684566995
1.8868868868868869   0.21431791738358205
1.8918918918918919   0.2132479350015975
1.896896896896897   0.21218329450755094
1.901901901901902   0.21112396923206228
1.906906906906907   0.21006993263889848
1.911911911911912   0.20902115832430856
1.916916916916917   0.20797762001636239
1.921921921921922   0.2069392915742924
1.926926926926927   0.20590614698783882
1.931931931931932   0.20487816037659812
1.936936936936937   0.2038553059893748
1.941941941941942   0.2028375582035361
1.946946946946947   0.2018248915243704
1.951951951951952   0.2008172805844483
1.956956956956957   0.1998147001429874
1.961961961961962   0.19881712508522
1.966966966966967   0.19782453042176376
1.971971971971972   0.19683689128799586
1.976976976976977   0.19585418294343032
1.981981981981982   0.1948763807710978
1.986986986986987   0.19390346027692937
1.991991991991992   0.1929353970891427
1.996996996996997   0.19197216695763158
2.002002002002002   0.19101374575335847
2.007007007007007   0.1900601094677503
2.012012012012012   0.1891112342120964
2.017017017017017   0.18816709621695094
2.022022022022022   0.1872276718315367
2.027027027027027   0.18629293752315323
2.032032032032032   0.185362869876587
2.037037037037037   0.184437445593525
2.042042042042042   0.18351664149197108
2.047047047047047   0.1826004345056651
2.052052052052052   0.1816888016835054
2.057057057057057   0.18078172018897362
2.062062062062062   0.17987916729956283
2.067067067067067   0.1789811204062081
2.0720720720720722   0.17808755701272036
2.0770770770770772   0.1771984547352228
2.0820820820820822   0.17631379130159008
2.0870870870870872   0.1754335445508905
2.0920920920920922   0.1745576924328308
2.0970970970970972   0.17368621300720388
2.1021021021021022   0.17281908444333904
2.1071071071071072   0.17195628501955537
2.1121121121121122   0.17109779312261736
2.1171171171171173   0.17024358724719363
2.1221221221221223   0.16939364599531817
2.1271271271271273   0.16854794807585433
2.1321321321321323   0.16770647230396152
2.1371371371371373   0.16686919760056443
2.1421421421421423   0.16603610299182514
2.1471471471471473   0.16520716760861748
2.1521521521521523   0.16438237068600456
2.1571571571571573   0.16356169156271838
2.1621621621621623   0.16274510968064235
2.1671671671671673   0.1619326045842963
2.1721721721721723   0.1611241559203241
2.1771771771771773   0.16031974343698369
2.1821821821821823   0.15951934698363984
2.1871871871871873   0.1587229465102595
2.1921921921921923   0.15793052206690933
2.1971971971971973   0.15714205380325608
2.2022022022022023   0.15635752196806932
2.2072072072072073   0.15557690690872658
2.2122122122122123   0.1548001890707212
2.2172172172172173   0.15402734899717244
2.2222222222222223   0.15325836732833797
2.2272272272272273   0.15249322480112898
2.2322322322322323   0.15173190224862776
2.2372372372372373   0.15097438059960736
2.2422422422422423   0.15022064087805395
2.2472472472472473   0.14947066420269148
2.2522522522522523   0.1487244317865087
2.2572572572572573   0.14798192493628856
2.2622622622622623   0.14724312505213985
2.2672672672672673   0.1465080136270313
2.2722722722722724   0.14577657224632815
2.2772772772772774   0.14504878258733056
2.2822822822822824   0.1443246264188149
2.2872872872872874   0.14360408560057691
2.2922922922922924   0.14288714208297723
2.2972972972972974   0.1421737779064895
2.3023023023023024   0.14146397520125017
2.3073073073073074   0.14075771618661106
2.3123123123123124   0.14005498317069387
2.3173173173173174   0.13935575854994706
2.3223223223223224   0.13866002480870476
2.3273273273273274   0.13796776451874818
2.3323323323323324   0.1372789603388688
2.3373373373373374   0.13659359501443422
2.3423423423423424   0.1359116513769557
2.3473473473473474   0.1352331123436583
2.3523523523523524   0.1345579609170528
2.3573573573573574   0.13388618018450987
2.3623623623623624   0.13321775331783667
2.3673673673673674   0.13255266357285503
2.3723723723723724   0.13189089428898207
2.3773773773773774   0.13123242888881292
2.3823823823823824   0.13057725087770544
2.3873873873873874   0.129925343843367
2.3923923923923924   0.12927669145544338
2.3973973973973974   0.12863127746510952
2.4024024024024024   0.12798908570466283
2.4074074074074074   0.12735010008711786
2.4124124124124124   0.12671430460580352
2.4174174174174174   0.12608168333396197
2.4224224224224224   0.12545222042434978
2.4274274274274275   0.1248259001088409
2.4324324324324325   0.12420270669803159
2.4374374374374375   0.12358262458084754
2.4424424424424425   0.12296563822415273
2.4474474474474475   0.12235173217236031
2.4524524524524525   0.12174089104704548
2.4574574574574575   0.12113309954656024
2.4624624624624625   0.12052834244565008
2.4674674674674675   0.11992660459507257
2.4724724724724725   0.11932787092121791
2.4774774774774775   0.11873212642573126
2.4824824824824825   0.11813935618513716
2.4874874874874875   0.11754954535046554
2.4924924924924925   0.11696267914687986
2.4974974974974975   0.11637874287330698
2.5025025025025025   0.1157977219020688
2.5075075075075075   0.11521960167851605
2.5125125125125125   0.11464436772066344
2.5175175175175175   0.11407200561882705
2.5225225225225225   0.11350250103526328
2.5275275275275275   0.11293583970380983
2.5325325325325325   0.1123720074295281
2.5375375375375375   0.11181099008834783
2.5425425425425425   0.11125277362671313
2.5475475475475475   0.11069734406123054
2.5525525525525525   0.11014468747831868
2.5575575575575575   0.10959479003385972
2.5625625625625625   0.10904763795285267
2.5675675675675675   0.10850321752906816
2.5725725725725725   0.10796151512470527
2.5775775775775776   0.10742251717004969
2.5825825825825826   0.10688621016313404
2.5875875875875876   0.10635258066939945
2.5925925925925926   0.10582161532135916
2.5975975975975976   0.10529330081826352
2.6026026026026026   0.10476762392576694
2.6076076076076076   0.10424457147559629
2.6126126126126126   0.10372413036522107
2.6176176176176176   0.10320628755752516
2.6226226226226226   0.10269103008048026
2.6276276276276276   0.10217834502682092
2.6326326326326326   0.10166821955372125
2.6376376376376376   0.10116064088247315
2.6426426426426426   0.10065559629816626
2.6476476476476476   0.10015307314936939
2.6526526526526526   0.09965305884781363
2.6576576576576576   0.09915554086807706
2.6626626626626626   0.09866050674727089
2.6676676676676676   0.09816794408472734
2.6726726726726726   0.09767784054168895
2.6776776776776776   0.09719018384099953
2.6826826826826826   0.09670496176679665
2.6876876876876876   0.09622216216420547
2.6926926926926926   0.09574177293903448
2.6976976976976976   0.0952637820574724
2.7027027027027026   0.0947881775457867
2.7077077077077076   0.09431494749002382
2.7127127127127126   0.09384408003571058
2.7177177177177176   0.09337556338755727
2.7227227227227226   0.09290938580916212
2.7277277277277276   0.09244553562271746
2.7327327327327327   0.091984001208717
2.7377377377377377   0.09152477100566488
2.7427427427427427   0.09106783350978598
2.7477477477477477   0.09061317727473786
2.7527527527527527   0.09016079091132391
2.7577577577577577   0.08971066308720808
2.7627627627627627   0.08926278252663103
2.7677677677677677   0.08881713801012768
2.7727727727727727   0.0883737183742461
2.7777777777777777   0.08793251251126794
2.7827827827827827   0.0874935093689301
2.7877877877877877   0.08705669795014798
2.7927927927927927   0.08662206731273984
2.7977977977977977   0.0861896065691529
2.8028028028028027   0.0857593048861904
2.8078078078078077   0.08533115148474038
2.8128128128128127   0.0849051356395056
2.8178178178178177   0.08448124667873483
2.8228228228228227   0.08405947398395565
2.8278278278278277   0.0836398069897083
2.8328328328328327   0.0832222351832811
2.8378378378378377   0.08280674810444714
2.8428428428428427   0.08239333534520213
2.8478478478478477   0.08198198654950381
2.8528528528528527   0.08157269141301242
2.8578578578578577   0.08116543968283267
2.8628628628628627   0.08076022115725683
2.8678678678678677   0.0803570256855092
2.8728728728728727   0.07995584316749188
2.8778778778778777   0.07955666355353168
2.8828828828828827   0.07915947684412838
2.8878878878878878   0.07876427308970435
2.8928928928928928   0.0783710423903552
2.8978978978978978   0.07797977489560177
2.9029029029029028   0.07759046080414352
2.9079079079079078   0.07720309036361285
2.9129129129129128   0.07681765387033085
2.9179179179179178   0.0764341416690643
2.9229229229229228   0.07605254415278369
2.9279279279279278   0.07567285176242261
2.932932932932933   0.07529505498663833
2.937937937937938   0.07491914436157347
2.942942942942943   0.074545110470619
2.947947947947948   0.0741729439441783
2.952952952952953   0.07380263545943246
2.957957957957958   0.07343417574010677
2.962962962962963   0.07306755555623833
2.967967967967968   0.07270276572394481
2.972972972972973   0.07233979710519446
2.977977977977978   0.07197864060757714
2.982982982982983   0.07161928718407656
2.987987987987988   0.07126172783284368
2.992992992992993   0.07090595359697123
2.997997997997998   0.07055195556426927
3.003003003003003   0.07019972486704194
3.008008008008008   0.06984925268186545
3.013013013013013   0.06950053022936692
3.018018018018018   0.06915354877400447
3.023023023023023   0.06880829962384842
3.028028028028028   0.06846477413036361
3.033033033033033   0.06812296368819266
3.038038038038038   0.06778285973494044
3.043043043043043   0.0674444537509596
3.048048048048048   0.06710773725913713
3.053053053053053   0.06677270182468202
3.058058058058058   0.06643933905491395
3.063063063063063   0.06610764059905305
3.068068068068068   0.06577759814801078
3.073073073073073   0.06544920343418167
3.078078078078078   0.06512244823123634
3.083083083083083   0.06479732435391528
3.088088088088088   0.06447382365782398
3.093093093093093   0.06415193803922878
3.098098098098098   0.06383165943485392
3.103103103103103   0.06351297982167958
3.108108108108108   0.06319589121674082
3.113113113113113   0.06288038567692775
3.118118118118118   0.06256645529878634
3.123123123123123   0.062254092218320664
3.128128128128128   0.061943288610795746
3.133133133133133   0.061634036690541634
3.138138138138138   0.06132632871075833
3.143143143143143   0.06102015696332173
3.148148148148148   0.06071551377859055
3.153153153153153   0.06041239152521423
3.158158158158158   0.0601107826099417
3.163163163163163   0.05981067947743119
3.168168168168168   0.05951207461006103
3.173173173173173   0.059214960527741216
3.178178178178178   0.058919329787726175
3.183183183183183   0.058625174984428166
3.188188188188188   0.05833248874923193
3.193193193193193   0.05804126375030998
3.198198198198198   0.05775149269243898
3.203203203203203   0.05746316831681703
3.2082082082082084   0.05717628340088175
3.2132132132132134   0.05689083075812952
3.2182182182182184   0.05660680323793524
3.2232232232232234   0.05632419372537333
3.2282282282282284   0.05604299514103952
3.2332332332332334   0.05576320044087344
3.2382382382382384   0.05548480261598221
3.2432432432432434   0.055207794692464854
3.2482482482482484   0.054932169731237594
3.2532532532532534   0.05465792082786004
3.2582582582582584   0.054385041112362226
3.2632632632632634   0.054113523749072516
3.2682682682682684   0.053843361936446364
3.2732732732732734   0.05357454890689596
3.2782782782782784   0.05330707792662065
3.2832832832832834   0.05304094229543833
3.2882882882882885   0.052776135346617514
3.2932932932932935   0.05251265044671041
3.2982982982982985   0.052250480995386706
3.3033033033033035   0.051989620425268245
3.3083083083083085   0.05173006220176452
3.3133133133133135   0.05147179982290896
3.3183183183183185   0.05121482681919609
3.3233233233233235   0.050959136753419405
3.3283283283283285   0.0507047232205102
3.3333333333333335   0.050451579847377075
3.3383383383383385   0.05019970029274626
3.3433433433433435   0.04994907824700284
3.3483483483483485   0.049699707432032635
3.3533533533533535   0.04945158160106497
3.3583583583583585   0.04920469453851616
3.3633633633633635   0.04895904005983384
3.3683683683683685   0.048714612011342036
3.3733733733733735   0.04847140427008698
3.3783783783783785   0.048229410743683775
3.3833833833833835   0.04798862537016376
3.3883883883883885   0.04774904211782266
3.3933933933933935   0.04751065498506946
3.3983983983983985   0.04727345800027614
3.4034034034034035   0.047037445221628
3.4084084084084085   0.04680261073697487
3.4134134134134135   0.046568948663683
3.4184184184184185   0.04633645314848769
3.4234234234234235   0.04610511836734665
3.4284284284284285   0.04587493852529415
3.4334334334334335   0.04564590785629583
3.4384384384384385   0.04541802062310425
3.4434434434434436   0.04519127111711519
3.4484484484484486   0.04496565365822463
3.4534534534534536   0.04474116259468649
3.4584584584584586   0.04451779230297104
3.4634634634634636   0.044295537187623996
3.4684684684684686   0.04407439168112641
3.4734734734734736   0.04385435024375518
3.4784784784784786   0.043635407363444276
3.4834834834834836   0.04341755755564663
3.4884884884884886   0.04320079536319683
3.4934934934934936   0.04298511535617432
3.4984984984984986   0.04277051213176746
3.5035035035035036   0.04255698031413813
3.5085085085085086   0.04234451455428712
3.5135135135135136   0.04213310952992005
3.5185185185185186   0.04192275994531414
3.5235235235235236   0.041713460531185506
3.5285285285285286   0.04150520604455715
3.5335335335335336   0.04129799126862766
3.5385385385385386   0.0410918110126405
3.5435435435435436   0.04088666011175398
3.5485485485485486   0.04068253342691191
3.5535535535535536   0.04047942584471483
3.5585585585585586   0.04027733227729193
3.5635635635635636   0.0400762476621736
3.5685685685685686   0.039876166962164616
3.5735735735735736   0.03967708516521796
3.5785785785785786   0.03947899728430924
3.5835835835835836   0.039281898357311815
3.5885885885885886   0.039085783446872455
3.5935935935935936   0.03889064764028767
3.5985985985985987   0.03869648604938064
3.6036036036036037   0.0385032938103788
3.6086086086086087   0.038311066083791916
3.6136136136136137   0.03811979805429098
3.6186186186186187   0.037929484930587475
3.6236236236236237   0.0377401219453134
3.6286286286286287   0.03755170435490186
3.6336336336336337   0.03736422743946822
3.6386386386386387   0.03717768650269185
3.6436436436436437   0.03699207687169852
3.6486486486486487   0.03680739389694334
3.6536536536536537   0.036623632952094254
3.6586586586586587   0.036440789433916196
3.6636636636636637   0.036258858762155725
3.6686686686686687   0.03607783637942635
3.6736736736736737   0.035897717751094335
3.6786786786786787   0.035718498365165066
3.6836836836836837   0.03554017373217011
3.6886886886886887   0.035362739385054694
3.6936936936936937   0.03518619087906582
3.6986986986986987   0.035010523791640914
3.7037037037037037   0.034835733722297056
3.7087087087087087   0.034661816292520756
3.7137137137137137   0.03448876714565823
3.7187187187187187   0.034316581946806306
3.7237237237237237   0.034145256382703826
3.7287287287287287   0.033974786161623576
3.7337337337337337   0.0338051670132648
3.7387387387387387   0.03363639468864623
3.7437437437437437   0.033468464959999625
3.7487487487487487   0.0333013736206639
3.7537537537537538   0.03313511648497971
3.7587587587587588   0.03296968938818463
3.7637637637637638   0.03280508818630881
3.7687687687687688   0.03264130875607118
3.7737737737737738   0.032478346994776135
3.7787787787787788   0.0323161988202108
3.7837837837837838   0.032154860170542754
3.7887887887887888   0.03199432700421827
3.793793793793794   0.03183459529986107
3.798798798798799   0.0316756610561716
3.803803803803804   0.03151752029182685
3.808808808808809   0.03136016904538048
3.813813813813814   0.03120360337516375
3.818818818818819   0.031047819359186667
3.823823823823824   0.03089281309503979
3.828828828828829   0.03073858069979645
3.833833833833834   0.030585118309915504
3.838838838838839   0.030432422081144533
3.843843843843844   0.030280488188423545
3.848848848848849   0.030129312825789185
3.853853853853854   0.02997889220627935
3.858858858858859   0.02982922256183837
3.863863863863864   0.02968030014322258
3.868868868868869   0.02953212121990641
3.873873873873874   0.029384682079988973
3.878878878878879   0.02923797903010103
3.883883883883884   0.02909200839531248
3.888888888888889   0.028946766519040327
3.893893893893894   0.02880224976295708
3.898898898898899   0.028658454506899578
3.903903903903904   0.028515377148778342
3.908908908908909   0.028373014104487327
3.913913913913914   0.028231361807814135
3.918918918918919   0.028090416710350685
3.923923923923924   0.02795017528140433
3.928928928928929   0.02781063400790942
3.933933933933934   0.02767178939433927
3.938938938938939   0.027533637962618616
3.943943943943944   0.027396176252036507
3.948948948948949   0.027259400819159577
3.953953953953954   0.0271233082377458
3.958958958958959   0.026987895098658683
3.963963963963964   0.026853158009781837
3.968968968968969   0.02671909359593403
3.973973973973974   0.026585698498784605
3.978978978978979   0.026452969376769386
3.983983983983984   0.026320902905006965
3.988988988988989   0.026189495775215395
3.993993993993994   0.026058744695629337
3.998998998998999   0.025928646390917593
4.004004004004004   0.025799197602101035
4.009009009009009   0.025670395086471044
4.014014014014014   0.02554223561750818
4.019019019019019   0.025414715984801422
4.024024024024024   0.025287832993967724
4.029029029029029   0.025161583466572
4.034034034034034   0.02503596424004751
4.039039039039039   0.02491097216761662
4.044044044044044   0.024786604118212
4.049049049049049   0.02466285697639816
4.054054054054054   0.024539727642293445
4.059059059059059   0.024417213031492337
4.064064064064064   0.024295310074988235
4.069069069069069   0.024174015719096553
4.074074074074074   0.02405332692537822
4.079079079079079   0.02393324067056357
4.084084084084084   0.023813753946476633
4.089089089089089   0.023694863759959748
4.094094094094094   0.02357656713279859
4.099099099099099   0.023458861101647584
4.104104104104104   0.02334174271795566
4.109109109109109   0.02322520904789237
4.114114114114114   0.023109257172274453
4.119119119119119   0.022993884186492643
4.124124124124124   0.02287908720043895
4.129129129129129   0.022764863338434246
4.134134134134134   0.022651209739156238
4.1391391391391394   0.02253812355556779
4.1441441441441444   0.02242560195484559
4.1491491491491495   0.02231364211830921
4.1541541541541545   0.022202241241350486
4.1591591591591595   0.022091396533363252
4.1641641641641645   0.02198110521767345
4.1691691691691695   0.02187136453146958
4.1741741741741745   0.021762171725733463
4.1791791791791795   0.021653524065171414
4.1841841841841845   0.02154541882814569
4.1891891891891895   0.021437853306606334
4.1941941941941945   0.021330824806023326
4.1991991991991995   0.021224330645319093
4.2042042042042045   0.02111836815680134
4.2092092092092095   0.021012934686096236
4.2142142142142145   0.020908027592081907
4.2192192192192195   0.02080364424682228
4.2242242242242245   0.020699782035501265
4.2292292292292295   0.020596438356357234
4.2342342342342345   0.020493610620617855
4.2392392392392395   0.020391296252435253
4.2442442442442445   0.020289492688821468
4.2492492492492495   0.020188197379584265
4.2542542542542545   0.020087407787263246
4.2592592592592595   0.019987121387066275
4.2642642642642645   0.01988733566680626
4.2692692692692695   0.01978804812683819
4.2742742742742745   0.019689256279996546
4.2792792792792795   0.019590957651532976
4.2842842842842845   0.019493149779054315
4.2892892892892895   0.0193958302124609
4.2942942942942945   0.019298996513885183
4.2992992992992995   0.019202646257630688
4.3043043043043046   0.019106777030111214
4.3093093093093096   0.019011386429790406
4.314314314314315   0.018916472067121565
4.31931931931932   0.01882203156448782
4.324324324324325   0.01872806255614255
4.32932932932933   0.018634562688150124
4.334334334334335   0.018541529618326932
4.33933933933934   0.018448961016182732
4.344344344344345   0.018356854562862245
4.34934934934935   0.01826520795108708
4.354354354354355   0.018174018885097936
4.35935935935936   0.018083285080597096
4.364364364364365   0.0179930042646912
4.36936936936937   0.0179031741758343
4.374374374374375   0.017813792563771236
4.37937937937938   0.017724857189481233
4.384384384384385   0.01763636582512184
4.38938938938939   0.017548316253973104
4.394394394394395   0.017460706270382053
4.3993993993994   0.017373533679707436
4.404404404404405   0.017286796298264746
4.40940940940941   0.017200491953271536
4.414414414414415   0.01711461848279297
4.41941941941942   0.017029173735687665
4.424424424424425   0.016944155571553828
4.42942942942943   0.016859561860675613
4.434434434434435   0.01677539048396979
4.43943943943944   0.01669163933293264
4.444444444444445   0.016608306309587175
4.44944944944945   0.016525389326430533
4.454454454454455   0.016442886306381726
4.45945945945946   0.016360795182729593
4.464464464464465   0.01627911389908103
4.46946946946947   0.016197840409309466
4.474474474474475   0.016116972677503644
4.47947947947948   0.01603650867791657
4.484484484484485   0.015956446394914805
4.48948948948949   0.015876783822927964
4.494494494494495   0.015797518966398468
4.4994994994995   0.015718649839731563
4.504504504504505   0.01564017446724558
4.50950950950951   0.015562090883122439
4.514514514514515   0.015484397131358412
4.51951951951952   0.01540709126571512
4.524524524524525   0.01533017134967078
4.52952952952953   0.015253635456371694
4.534534534534535   0.015177481668583988
4.53953953953954   0.015101708078645575
4.544544544544545   0.015026312788418374
4.54954954954955   0.01495129390924076
4.554554554554555   0.014876649561880256
4.55955955955956   0.014802377876486444
4.564564564564565   0.014728476992544152
4.56956956956957   0.014654945058826814
4.574574574574575   0.014581780233350132
4.57957957957958   0.0145089806833259
4.584584584584585   0.014436544585116121
4.58958958958959   0.014364470124187304
4.594594594594595   0.014292755495065021
4.5995995995996   0.014221398901288677
4.604604604604605   0.014150398555366506
4.60960960960961   0.014079752678730803
4.614614614614615   0.014009459501693354
4.61961961961962   0.013939517263401119
4.624624624624625   0.013869924211792123
4.62962962962963   0.013800678603551553
4.634634634634635   0.0137317787040681
4.63963963963964   0.013663222787390511
4.644644644644645   0.013595009136184336
4.64964964964965   0.013527136041688924
4.654654654654655   0.013459601803674606
4.65965965965966   0.013392404730400122
4.664664664664665   0.013325543138570229
4.66966966966967   0.013259015353293524
4.674674674674675   0.013192819708040518
4.67967967967968   0.013126954544601863
4.684684684684685   0.013061418213046825
4.68968968968969   0.012996209071681948
4.694694694694695   0.012931325487009935
4.6996996996997   0.012866765833688721
4.704704704704705   0.01280252849449077
4.70970970970971   0.01273861186026255
4.714714714714715   0.012675014329884233
4.71971971971972   0.012611734310229578
4.724724724724725   0.012548770216126033
4.72972972972973   0.01248612047031502
4.734734734734735   0.012423783503412424
4.73973973973974   0.012361757753869284
4.744744744744745   0.01230004166793267
4.74974974974975   0.012238633699606772
4.754754754754755   0.012177532310614156
4.75975975975976   0.012116735970357248
4.764764764764765   0.012056243155879972
4.76976976976977   0.011996052351829628
4.774774774774775   0.0119361620504189
4.77977977977978   0.011876570751388114
4.784784784784785   0.011817276961967632
4.78978978978979   0.01175827919684048
4.794794794794795   0.011699575978105121
4.7997997997998   0.011641165835238452
4.804804804804805   0.011583047305058951
4.80980980980981   0.011525218931690033
4.814814814814815   0.011467679266523579
4.81981981981982   0.011410426868183646
4.824824824824825   0.011353460302490365
4.82982982982983   0.011296778142424
4.834834834834835   0.01124037896808923
4.83983983983984   0.011184261366679549
4.844844844844845   0.011128423932441891
4.84984984984985   0.011072865266641417
4.854854854854855   0.011017583977526472
4.85985985985986   0.01096257868029372
4.864864864864865   0.010907847997053455
4.86986986986987   0.010853390556795095
4.874874874874875   0.010799204995352822
4.87987987987988   0.010745289955371419
4.884884884884885   0.010691644086272266
4.88988988988989   0.010638266044219507
4.894894894894895   0.01058515449208639
4.8998998998999   0.010532308099421767
4.904904904904905   0.01047972554241677
4.90990990990991   0.010427405503871646
4.914914914914915   0.01037534667316277
4.91991991991992   0.010323547746209794
4.924924924924925   0.010272007425443002
4.92992992992993   0.010220724419770792
4.934934934934935   0.010169697444547338
4.93993993993994   0.010118925221540415
4.944944944944945   0.010068406478899363
4.94994994994995   0.010018139951123247
4.954954954954955   0.009968124379029141
4.95995995995996   0.00991835850972059
4.964964964964965   0.009868841096556235
4.96996996996997   0.00981957089911856
4.974974974974975   0.009770546683182847
4.97997997997998   0.009721767220686241
4.984984984984985   0.009673231289696991
4.98998998998999   0.009624937674383846
4.994994994994995   0.009576885164985586
5.0   0.009529072557780731
